(2015,77)	192
(2015,76)	88
(2015,75)	324
(2015,74)	228
(2015,73)	449
(2015,72)	297
(2015,71)	643
(2015,70)	600
(2015,69)	486
(2015,68)	530
(2015,67)	616
(2015,66)	497
(2015,65)	280
(2015,64)	248
(2015,63)	225
(2015,62)	136
(2015,61)	360
(2015,60)	241
(2015,59)	110
(2015,58)	266
(2015,57)	94
(2015,56)	498
(2015,55)	100
(2015,54)	29
(2015,53)	544
(2015,52)	363
(2015,51)	350
(2015,50)	46
(2015,49)	768
(2015,48)	281
(2015,47)	66
(2015,46)	485
(2015,45)	167
(2015,44)	571
(2015,43)	743
(2015,42)	311
(2015,41)	111
(2015,40)	90
(2015,39)	63
(2015,38)	132
(2015,37)	16
(2015,36)	83
(2015,35)	82
(2015,34)	138
(2015,33)	99
(2015,32)	181
(2015,31)	186
(2015,30)	269
(2015,29)	441
(2015,28)	511
(2015,27)	342
(2015,26)	418
(2015,25)	700
(2015,24)	416
(2015,23)	442
(2015,22)	416
(2015,21)	188
(2015,20)	107
(2015,19)	435
(2015,18)	113
(2015,17)	451
(2015,16)	247
(2015,15)	613
(2015,14)	173
(2015,13)	100
(2015,12)	178
(2015,11)	142
(2015,10)	473
(2015,9)	108
(2015,8)	372
(2015,7)	223
(2015,6)	368
(2015,5)	207
(2015,4)	192
(2015,3)	186
(2015,2)	313
(2015,1)	151
(2015,0)	51
(2014,77)	372
(2014,76)	108
(2014,75)	1304
(2014,74)	637
(2014,73)	1738
(2014,72)	1099
(2014,71)	2511
(2014,70)	1927
(2014,69)	1512
(2014,68)	1201
(2014,67)	1620
(2014,66)	1817
(2014,65)	912
(2014,64)	966
(2014,63)	769
(2014,62)	524
(2014,61)	916
(2014,60)	508
(2014,59)	349
(2014,58)	462
(2014,57)	292
(2014,56)	1532
(2014,55)	556
(2014,54)	191
(2014,53)	1830
(2014,52)	965
(2014,51)	1012
(2014,50)	287
(2014,49)	2763
(2014,48)	1226
(2014,47)	81
(2014,46)	1488
(2014,45)	550
(2014,44)	1631
(2014,43)	1763
(2014,42)	626
(2014,41)	466
(2014,40)	436
(2014,39)	344
(2014,38)	399
(2014,37)	92
(2014,36)	42
(2014,35)	348
(2014,34)	337
(2014,33)	186
(2014,32)	542
(2014,31)	791
(2014,30)	988
(2014,29)	1280
(2014,28)	1218
(2014,27)	852
(2014,26)	699
(2014,25)	2500
(2014,24)	1290
(2014,23)	1234
(2014,22)	1118
(2014,21)	446
(2014,20)	296
(2014,19)	1049
(2014,18)	265
(2014,17)	1184
(2014,16)	985
(2014,15)	1664
(2014,14)	366
(2014,13)	341
(2014,12)	433
(2014,11)	468
(2014,10)	804
(2014,9)	327
(2014,8)	645
(2014,7)	641
(2014,6)	716
(2014,5)	420
(2014,4)	531
(2014,3)	308
(2014,2)	921
(2014,1)	342
(2014,0)	107
(2013,77)	174
(2013,76)	52
(2013,75)	456
(2013,74)	281
(2013,73)	645
(2013,72)	501
(2013,71)	797
(2013,70)	599
(2013,69)	475
(2013,68)	422
(2013,67)	489
(2013,66)	595
(2013,65)	283
(2013,64)	445
(2013,63)	176
(2013,62)	199
(2013,61)	401
(2013,60)	263
(2013,59)	122
(2013,58)	219
(2013,57)	119
(2013,56)	511
(2013,55)	189
(2013,54)	66
(2013,53)	497
(2013,52)	237
(2013,51)	278
(2013,50)	94
(2013,49)	753
(2013,48)	345
(2013,47)	59
(2013,46)	371
(2013,45)	290
(2013,44)	687
(2013,43)	478
(2013,42)	198
(2013,41)	142
(2013,40)	96
(2013,39)	49
(2013,38)	143
(2013,37)	39
(2013,36)	31
(2013,35)	95
(2013,34)	89
(2013,33)	75
(2013,32)	379
(2013,31)	218
(2013,30)	440
(2013,29)	370
(2013,28)	534
(2013,27)	215
(2013,26)	203
(2013,25)	945
(2013,24)	556
(2013,23)	379
(2013,22)	386
(2013,21)	210
(2013,20)	119
(2013,19)	509
(2013,18)	88
(2013,17)	338
(2013,16)	354
(2013,15)	497
(2013,14)	199
(2013,13)	113
(2013,12)	167
(2013,11)	240
(2013,10)	282
(2013,9)	101
(2013,8)	248
(2013,7)	289
(2013,6)	374
(2013,5)	183
(2013,4)	201
(2013,3)	173
(2013,2)	447
(2013,1)	180
(2013,0)	23
(2012,77)	210
(2012,76)	41
(2012,75)	528
(2012,74)	352
(2012,73)	779
(2012,72)	529
(2012,71)	959
(2012,70)	767
(2012,69)	489
(2012,68)	391
(2012,67)	577
(2012,66)	643
(2012,65)	228
(2012,64)	379
(2012,63)	197
(2012,62)	154
(2012,61)	452
(2012,60)	252
(2012,59)	105
(2012,58)	271
(2012,57)	124
(2012,56)	497
(2012,55)	218
(2012,54)	58
(2012,53)	752
(2012,52)	378
(2012,51)	433
(2012,50)	135
(2012,49)	860
(2012,48)	417
(2012,47)	64
(2012,46)	484
(2012,45)	305
(2012,44)	592
(2012,43)	541
(2012,42)	270
(2012,41)	126
(2012,40)	105
(2012,39)	66
(2012,38)	113
(2012,37)	68
(2012,36)	26
(2012,35)	109
(2012,34)	104
(2012,33)	124
(2012,32)	291
(2012,31)	299
(2012,30)	523
(2012,29)	385
(2012,28)	418
(2012,27)	270
(2012,26)	239
(2012,25)	1700
(2012,24)	651
(2012,23)	721
(2012,22)	526
(2012,21)	333
(2012,20)	140
(2012,19)	675
(2012,18)	107
(2012,17)	490
(2012,16)	496
(2012,15)	709
(2012,14)	232
(2012,13)	178
(2012,12)	270
(2012,11)	230
(2012,10)	508
(2012,9)	117
(2012,8)	367
(2012,7)	322
(2012,6)	363
(2012,5)	202
(2012,4)	189
(2012,3)	154
(2012,2)	530
(2012,1)	201
(2012,0)	30
(2011,77)	321
(2011,76)	123
(2011,75)	674
(2011,74)	425
(2011,73)	869
(2011,72)	543
(2011,71)	1050
(2011,70)	731
(2011,69)	667
(2011,68)	433
(2011,67)	746
(2011,66)	613
(2011,65)	501
(2011,64)	562
(2011,63)	354
(2011,62)	274
(2011,61)	511
(2011,60)	257
(2011,59)	188
(2011,58)	349
(2011,57)	219
(2011,56)	761
(2011,55)	240
(2011,54)	41
(2011,53)	625
(2011,52)	474
(2011,51)	426
(2011,50)	131
(2011,49)	1100
(2011,48)	556
(2011,47)	86
(2011,46)	690
(2011,45)	216
(2011,44)	699
(2011,43)	609
(2011,42)	201
(2011,41)	168
(2011,40)	103
(2011,39)	83
(2011,38)	182
(2011,37)	59
(2011,36)	27
(2011,35)	86
(2011,34)	253
(2011,33)	94
(2011,32)	269
(2011,31)	384
(2011,30)	805
(2011,29)	491
(2011,28)	484
(2011,27)	338
(2011,26)	263
(2011,25)	1775
(2011,24)	722
(2011,23)	872
(2011,22)	635
(2011,21)	470
(2011,20)	129
(2011,19)	781
(2011,18)	261
(2011,17)	997
(2011,16)	580
(2011,15)	1212
(2011,14)	306
(2011,13)	179
(2011,12)	392
(2011,11)	413
(2011,10)	938
(2011,9)	236
(2011,8)	263
(2011,7)	473
(2011,6)	534
(2011,5)	338
(2011,4)	296
(2011,3)	345
(2011,2)	577
(2011,1)	313
(2011,0)	38
(2010,77)	8
(2010,76)	15
(2010,75)	15
(2010,74)	22
(2010,73)	37
(2010,72)	49
(2010,71)	54
(2010,70)	36
(2010,69)	17
(2010,68)	28
(2010,67)	49
(2010,66)	37
(2010,65)	12
(2010,64)	9
(2010,63)	28
(2010,62)	13
(2010,61)	17
(2010,60)	2
(2010,59)	9
(2010,58)	35
(2010,57)	15
(2010,56)	18
(2010,55)	32
(2010,54)	2
(2010,53)	23
(2010,52)	28
(2010,51)	24
(2010,50)	2
(2010,49)	47
(2010,48)	22
(2010,47)	1
(2010,46)	22
(2010,45)	25
(2010,44)	60
(2010,43)	37
(2010,42)	18
(2010,41)	18
(2010,40)	8
(2010,39)	4
(2010,37)	3
(2010,35)	11
(2010,34)	5
(2010,33)	8
(2010,32)	27
(2010,31)	22
(2010,30)	33
(2010,29)	22
(2010,28)	24
(2010,27)	26
(2010,26)	14
(2010,25)	160
(2010,24)	38
(2010,23)	64
(2010,22)	78
(2010,21)	16
(2010,20)	9
(2010,19)	29
(2010,18)	4
(2010,17)	22
(2010,16)	24
(2010,15)	77
(2010,14)	3
(2010,13)	4
(2010,12)	11
(2010,11)	22
(2010,10)	24
(2010,9)	6
(2010,8)	30
(2010,7)	40
(2010,6)	56
(2010,5)	20
(2010,4)	3
(2010,3)	7
(2010,2)	7
(2010,1)	9
(2010,0)	2
(2004,52)	1
