x,Crime,Streetlight Requests
1,82,194
2,105,421
3,59,230
4,55,255
5,45,256
6,107,449
7,105,291
8,119,379
9,4,138
10,22,584
11,31,190
12,12,213
13,23,132
14,89,253
15,111,761
16,111,365
17,43,613
18,12,152
19,186,642
20,75,176
21,95,279
22,174,542
23,255,630
24,259,545
25,558,1041
26,243,449
27,152,373
28,194,615
29,189,488
30,112,454
31,77,297
32,54,187
33,34,108
34,44,141
35,56,92
36,10,87
37,16,22
38,83,177
39,35,86
40,55,100
41,19,141
42,104,386
43,242,990
44,144,656
45,27,241
46,142,581
47,9,79
48,36,324
49,213,1064
50,18,59
51,39,385
52,46,430
53,111,768
55,8,121
56,58,741
57,32,162
58,103,413
59,41,197
60,51,323
61,154,484
62,20,241
63,73,323
64,24,437
65,60,481
66,172,669
67,170,704
68,158,609
69,152,659
70,74,792
71,240,887
72,17,360
73,79,554
74,12,262
75,53,388
76,6,89
77,46,244