x,Crime,Graffiti Requests
1,415,528
2,351,801
3,329,450
4,216,1211
5,155,1035
6,507,1038
7,367,666
8,918,577
9,24,9
10,127,29
11,129,128
12,46,91
13,110,284
14,272,1138
15,423,692
16,352,1392
17,191,202
18,63,131
19,555,1999
20,225,574
21,297,1670
22,542,2638
23,927,601
24,715,2694
25,1979,369
26,693,86
27,542,105
28,780,865
29,836,257
30,392,2308
31,238,2550
32,726,652
33,208,116
34,124,139
35,243,7
36,56,4
37,94,24
38,303,109
39,148,25
40,274,12
41,151,66
42,381,11
43,1086,58
44,618,20
45,131,6
46,546,228
47,32,2
48,148,29
49,796,31
50,125,7
51,233,59
52,148,298
53,441,71
54,123,1
55,58,79
56,234,414
57,113,931
58,313,2220
59,139,1316
60,172,511
61,518,866
62,100,685
63,253,1720
64,108,132
65,213,489
66,675,1067
67,706,78
68,685,80
69,636,29
70,261,210
71,860,49
72,89,39
73,323,13
74,49,41
75,217,10
76,192,7
77,211,537