(2015,77)	52
(2015,76)	1
(2015,75)	64
(2015,74)	34
(2015,73)	105
(2015,72)	63
(2015,71)	244
(2015,70)	192
(2015,69)	173
(2015,68)	79
(2015,67)	88
(2015,66)	172
(2015,65)	201
(2015,64)	189
(2015,63)	98
(2015,62)	105
(2015,61)	124
(2015,60)	82
(2015,59)	87
(2015,58)	147
(2015,57)	68
(2015,56)	243
(2015,55)	21
(2015,53)	224
(2015,52)	67
(2015,51)	35
(2015,50)	13
(2015,49)	296
(2015,48)	43
(2015,47)	13
(2015,46)	96
(2015,45)	74
(2015,44)	85
(2015,43)	247
(2015,42)	75
(2015,41)	30
(2015,40)	10
(2015,39)	23
(2015,38)	45
(2015,37)	6
(2015,36)	4
(2015,35)	10
(2015,34)	3
(2015,33)	9
(2015,32)	6
(2015,31)	111
(2015,30)	185
(2015,29)	47
(2015,28)	104
(2015,27)	31
(2015,26)	31
(2015,25)	341
(2015,24)	129
(2015,23)	188
(2015,22)	126
(2015,21)	91
(2015,20)	69
(2015,19)	207
(2015,18)	39
(2015,17)	162
(2015,16)	118
(2015,15)	148
(2015,14)	80
(2015,13)	32
(2015,12)	35
(2015,11)	48
(2015,10)	111
(2015,9)	30
(2015,8)	7
(2015,7)	68
(2015,6)	81
(2015,5)	49
(2015,4)	63
(2015,3)	44
(2015,2)	108
(2015,1)	43
(2014,77)	198
(2014,76)	3
(2014,75)	366
(2014,74)	231
(2014,73)	544
(2014,72)	286
(2014,71)	767
(2014,70)	585
(2014,69)	388
(2014,68)	199
(2014,67)	356
(2014,66)	404
(2014,65)	679
(2014,64)	694
(2014,63)	257
(2014,62)	245
(2014,61)	266
(2014,60)	209
(2014,59)	162
(2014,58)	293
(2014,57)	131
(2014,56)	700
(2014,55)	245
(2014,54)	2
(2014,53)	892
(2014,52)	504
(2014,51)	173
(2014,50)	114
(2014,49)	942
(2014,48)	346
(2014,47)	55
(2014,46)	481
(2014,45)	216
(2014,44)	498
(2014,43)	730
(2014,42)	160
(2014,41)	64
(2014,40)	49
(2014,39)	95
(2014,38)	109
(2014,37)	24
(2014,36)	16
(2014,35)	27
(2014,34)	61
(2014,33)	11
(2014,32)	20
(2014,31)	285
(2014,30)	351
(2014,29)	285
(2014,28)	204
(2014,27)	123
(2014,26)	148
(2014,25)	987
(2014,24)	395
(2014,23)	623
(2014,22)	360
(2014,21)	174
(2014,20)	204
(2014,19)	485
(2014,18)	101
(2014,17)	287
(2014,16)	266
(2014,15)	378
(2014,14)	184
(2014,13)	75
(2014,12)	106
(2014,11)	162
(2014,10)	259
(2014,9)	79
(2014,8)	49
(2014,7)	196
(2014,6)	200
(2014,5)	151
(2014,4)	187
(2014,3)	132
(2014,2)	318
(2014,1)	208
(2014,0)	10
(2013,77)	181
(2013,75)	171
(2013,74)	129
(2013,73)	390
(2013,72)	192
(2013,71)	494
(2013,70)	394
(2013,69)	271
(2013,68)	236
(2013,67)	341
(2013,66)	378
(2013,65)	360
(2013,64)	405
(2013,63)	250
(2013,62)	185
(2013,61)	262
(2013,60)	177
(2013,59)	106
(2013,58)	225
(2013,57)	88
(2013,56)	372
(2013,55)	137
(2013,54)	21
(2013,53)	490
(2013,52)	225
(2013,51)	150
(2013,50)	73
(2013,49)	596
(2013,48)	207
(2013,47)	57
(2013,46)	332
(2013,45)	137
(2013,44)	350
(2013,43)	347
(2013,42)	127
(2013,41)	45
(2013,40)	31
(2013,39)	52
(2013,38)	82
(2013,37)	27
(2013,36)	22
(2013,35)	30
(2013,34)	44
(2013,33)	14
(2013,32)	55
(2013,31)	156
(2013,30)	238
(2013,29)	207
(2013,28)	143
(2013,27)	130
(2013,26)	160
(2013,25)	649
(2013,24)	287
(2013,23)	279
(2013,22)	263
(2013,21)	161
(2013,20)	130
(2013,19)	297
(2013,18)	56
(2013,17)	283
(2013,16)	220
(2013,15)	371
(2013,14)	149
(2013,13)	70
(2013,12)	105
(2013,11)	174
(2013,10)	211
(2013,9)	75
(2013,8)	54
(2013,7)	169
(2013,6)	229
(2013,5)	136
(2013,4)	122
(2013,3)	91
(2013,2)	235
(2013,1)	134
(2013,0)	5
(2012,77)	196
(2012,76)	4
(2012,75)	368
(2012,74)	137
(2012,73)	423
(2012,72)	237
(2012,71)	663
(2012,70)	449
(2012,69)	309
(2012,68)	251
(2012,67)	383
(2012,66)	442
(2012,65)	389
(2012,64)	374
(2012,63)	307
(2012,62)	208
(2012,61)	311
(2012,60)	218
(2012,59)	95
(2012,58)	418
(2012,57)	99
(2012,56)	499
(2012,55)	161
(2012,54)	11
(2012,53)	552
(2012,52)	310
(2012,51)	164
(2012,50)	131
(2012,49)	648
(2012,48)	218
(2012,47)	34
(2012,46)	423
(2012,45)	154
(2012,44)	388
(2012,43)	359
(2012,42)	134
(2012,41)	42
(2012,40)	67
(2012,39)	30
(2012,38)	69
(2012,37)	26
(2012,36)	22
(2012,35)	30
(2012,34)	75
(2012,33)	41
(2012,32)	16
(2012,31)	216
(2012,30)	318
(2012,29)	277
(2012,28)	193
(2012,27)	228
(2012,26)	248
(2012,25)	1078
(2012,24)	537
(2012,23)	614
(2012,22)	432
(2012,21)	246
(2012,20)	104
(2012,19)	414
(2012,18)	120
(2012,17)	427
(2012,16)	386
(2012,15)	517
(2012,14)	300
(2012,13)	121
(2012,12)	161
(2012,11)	274
(2012,10)	333
(2012,9)	137
(2012,8)	75
(2012,7)	195
(2012,6)	269
(2012,5)	184
(2012,4)	169
(2012,3)	103
(2012,2)	344
(2012,1)	113
(2012,0)	7
(2011,77)	330
(2011,76)	19
(2011,75)	532
(2011,74)	314
(2011,73)	953
(2011,72)	364
(2011,71)	1329
(2011,70)	1113
(2011,69)	1128
(2011,68)	476
(2011,67)	1051
(2011,66)	901
(2011,65)	841
(2011,64)	1284
(2011,63)	618
(2011,62)	568
(2011,61)	686
(2011,60)	494
(2011,59)	284
(2011,58)	816
(2011,57)	381
(2011,56)	1495
(2011,55)	424
(2011,54)	23
(2011,53)	915
(2011,52)	945
(2011,51)	513
(2011,50)	249
(2011,49)	1783
(2011,48)	854
(2011,47)	83
(2011,46)	898
(2011,45)	503
(2011,44)	1108
(2011,43)	796
(2011,42)	318
(2011,41)	98
(2011,40)	122
(2011,39)	75
(2011,38)	302
(2011,37)	90
(2011,36)	50
(2011,35)	116
(2011,34)	171
(2011,33)	18
(2011,32)	16
(2011,31)	361
(2011,30)	974
(2011,29)	683
(2011,28)	396
(2011,27)	477
(2011,26)	325
(2011,25)	1934
(2011,24)	969
(2011,23)	1167
(2011,22)	1033
(2011,21)	556
(2011,20)	267
(2011,19)	1079
(2011,18)	297
(2011,17)	1143
(2011,16)	712
(2011,15)	1304
(2011,14)	646
(2011,13)	188
(2011,12)	319
(2011,11)	610
(2011,10)	1055
(2011,9)	331
(2011,8)	98
(2011,7)	368
(2011,6)	400
(2011,5)	555
(2011,4)	523
(2011,3)	403
(2011,2)	947
(2011,1)	260
(2011,0)	14
(2010,77)	5
(2010,75)	21
(2010,74)	20
(2010,73)	49
(2010,72)	38
(2010,71)	74
(2010,70)	61
(2010,69)	15
(2010,68)	35
(2010,67)	39
(2010,66)	34
(2010,65)	43
(2010,64)	30
(2010,63)	20
(2010,62)	17
(2010,61)	22
(2010,60)	17
(2010,59)	14
(2010,58)	25
(2010,57)	5
(2010,56)	16
(2010,55)	38
(2010,53)	31
(2010,52)	77
(2010,51)	16
(2010,50)	6
(2010,49)	52
(2010,48)	33
(2010,47)	4
(2010,46)	34
(2010,45)	17
(2010,44)	39
(2010,43)	35
(2010,42)	9
(2010,41)	3
(2010,40)	1
(2010,39)	5
(2010,38)	2
(2010,37)	1
(2010,36)	1
(2010,35)	1
(2010,34)	8
(2010,33)	4
(2010,32)	5
(2010,31)	22
(2010,30)	13
(2010,29)	8
(2010,28)	16
(2010,27)	8
(2010,26)	6
(2010,25)	64
(2010,24)	41
(2010,23)	40
(2010,22)	33
(2010,21)	32
(2010,20)	8
(2010,19)	34
(2010,18)	9
(2010,17)	21
(2010,16)	7
(2010,15)	24
(2010,14)	23
(2010,13)	12
(2010,12)	12
(2010,11)	9
(2010,10)	14
(2010,9)	3
(2010,8)	17
(2010,7)	19
(2010,6)	11
(2010,5)	13
(2010,4)	4
(2010,3)	7
(2010,2)	27
(2010,1)	2
