(year, community area)	street_crimes_only num_311_lights(all and one)
(2011,1)	1037	573
(2011,2)	1089	1524
(2011,3)	975	748
(2011,4)	538	819
(2011,5)	497	893
(2011,6)	1753	934
(2011,7)	1528	841
(2011,8)	1862	361
(2011,9)	80	567
(2012,0)	2	37
(2012,1)	948	314
(2012,2)	928	874
(2012,3)	1049	257
(2012,4)	524	358
(2012,5)	454	386
(2012,6)	1685	632
(2012,7)	1266	517
(2012,8)	1895	442
(2012,9)	63	254
(2013,0)	1	28
(2013,1)	781	314
(2013,2)	862	682
(2013,3)	787	264
(2013,4)	471	323
(2013,5)	441	319
(2013,6)	1347	603
(2013,7)	1219	458
(2013,8)	1386	302
(2013,9)	63	176
(2014,0)	1	117
(2014,1)	699	550
(2014,2)	832	1239
(2014,3)	640	440
(2014,4)	442	718
(2014,5)	398	571
(2014,6)	1135	916
(2014,7)	1116	837
(2014,8)	1297	694
(2014,9)	49	406
(2015,1)	82	194
(2015,2)	105	421
(2015,3)	59	230
(2015,4)	55	255
(2015,5)	45	256
(2015,6)	107	449
(2015,7)	105	291
(2015,8)	119	379
(2015,9)	4	138
(2011,10)	274	1993
(2011,11)	296	1023
(2011,12)	113	711
(2011,13)	283	367
(2011,14)	815	952
(2011,15)	1133	2516
(2011,16)	1250	1292
(2011,17)	525	2140
(2011,18)	240	558
(2011,19)	1688	1860
(2011,20)	547	396
(2011,21)	959	1026
(2011,22)	2203	1668
(2011,23)	2868	2039
(2011,24)	3310	1691
(2011,25)	5251	3709
(2011,26)	1517	588
(2011,27)	1524	815
(2011,28)	2780	880
(2011,29)	2154	1174
(2011,30)	1801	1779
(2011,31)	1003	745
(2011,32)	801	285
(2011,33)	413	112
(2011,34)	396	424
(2011,35)	631	202
(2011,36)	195	77
(2011,37)	300	149
(2011,38)	1352	484
(2011,39)	557	158
(2011,40)	969	225
(2011,41)	605	266
(2011,42)	1341	519
(2011,43)	2534	1405
(2011,44)	1669	1807
(2011,45)	419	719
(2011,46)	1373	1588
(2011,47)	105	169
(2011,48)	572	1410
(2011,49)	2513	2883
(2011,50)	248	380
(2011,51)	502	939
(2011,52)	453	1419
(2011,53)	1550	1540
(2011,54)	298	64
(2011,55)	213	664
(2011,56)	594	2256
(2011,57)	340	600
(2011,58)	1284	1165
(2011,59)	399	472
(2011,60)	601	751
(2011,61)	2115	1197
(2011,62)	298	842
(2011,63)	1047	972
(2011,64)	253	1846
(2011,65)	510	1342
(2011,66)	2301	1514
(2011,67)	2358	1797
(2011,68)	2127	909
(2011,69)	2181	1795
(2011,70)	625	1844
(2011,71)	2538	2379
(2011,72)	247	907
(2011,73)	1008	1822
(2011,74)	138	739
(2011,75)	634	1206
(2011,76)	101	142
(2011,77)	580	651
(2012,10)	269	841
(2012,11)	347	504
(2012,12)	143	431
(2012,13)	211	299
(2012,14)	727	532
(2012,15)	1043	1226
(2012,16)	1138	882
(2012,17)	519	917
(2012,18)	213	227
(2012,19)	1584	1089
(2012,20)	572	244
(2012,21)	852	579
(2012,22)	1982	958
(2012,23)	2865	1335
(2012,24)	2963	1188
(2012,25)	4815	2778
(2012,26)	1635	487
(2012,27)	1345	498
(2012,28)	2507	611
(2012,29)	2139	662
(2012,30)	1470	841
(2012,31)	1023	515
(2012,32)	634	307
(2012,33)	428	165
(2012,34)	475	179
(2012,35)	635	139
(2012,36)	202	48
(2012,37)	252	94
(2012,38)	997	182
(2012,39)	443	96
(2012,40)	830	172
(2012,41)	462	168
(2012,42)	1147	404
(2012,43)	2227	900
(2012,44)	1484	980
(2012,45)	394	459
(2012,46)	1344	907
(2012,47)	89	98
(2012,48)	489	635
(2012,49)	2092	1508
(2012,50)	248	266
(2012,51)	448	597
(2012,52)	444	688
(2012,53)	1376	1304
(2012,54)	230	69
(2012,55)	140	379
(2012,56)	533	996
(2012,57)	264	223
(2012,58)	870	689
(2012,59)	343	200
(2012,60)	635	470
(2012,61)	1730	763
(2012,62)	295	362
(2012,63)	891	504
(2012,64)	244	753
(2012,65)	401	617
(2012,66)	1827	1085
(2012,67)	2114	960
(2012,68)	2011	642
(2012,69)	2090	798
(2012,70)	518	1216
(2012,71)	2199	1622
(2012,72)	235	766
(2012,73)	961	1202
(2012,74)	118	489
(2012,75)	536	896
(2012,76)	123	45
(2012,77)	553	406
(2013,10)	252	493
(2013,11)	307	414
(2013,12)	89	272
(2013,13)	211	183
(2013,14)	685	348
(2013,15)	1140	868
(2013,16)	1032	574
(2013,17)	453	621
(2013,18)	139	144
(2013,19)	1358	806
(2013,20)	500	249
(2013,21)	689	371
(2013,22)	1653	649
(2013,23)	2403	658
(2013,24)	2494	843
(2013,25)	4561	1594
(2013,26)	1490	363
(2013,27)	1442	345
(2013,28)	1887	677
(2013,29)	1928	577
(2013,30)	1327	678
(2013,31)	805	374
(2013,32)	626	434
(2013,33)	402	89
(2013,34)	386	133
(2013,35)	604	125
(2013,36)	155	53
(2013,37)	234	66
(2013,38)	943	225
(2013,39)	375	101
(2013,40)	782	127
(2013,41)	408	187
(2013,42)	900	325
(2013,43)	2044	825
(2013,44)	1447	1037
(2013,45)	366	427
(2013,46)	1140	703
(2013,47)	97	116
(2013,48)	416	552
(2013,49)	1861	1349
(2013,50)	207	167
(2013,51)	444	428
(2013,52)	399	462
(2013,53)	1157	987
(2013,54)	240	87
(2013,55)	160	326
(2013,56)	452	883
(2013,57)	286	207
(2013,58)	885	444
(2013,59)	288	228
(2013,60)	529	440
(2013,61)	1403	663
(2013,62)	266	384
(2013,63)	664	426
(2013,64)	221	850
(2013,65)	365	643
(2013,66)	1467	973
(2013,67)	1944	830
(2013,68)	1786	658
(2013,69)	1638	746
(2013,70)	583	993
(2013,71)	1948	1291
(2013,72)	208	693
(2013,73)	861	1035
(2013,74)	98	410
(2013,75)	484	627
(2013,77)	429	355
(2014,10)	297	1063
(2014,11)	296	630
(2014,12)	104	539
(2014,13)	209	416
(2014,14)	573	550
(2014,15)	798	2042
(2014,16)	815	1251
(2014,17)	365	1471
(2014,18)	136	366
(2014,19)	1266	1534
(2014,20)	488	500
(2014,21)	610	620
(2014,22)	1414	1478
(2014,23)	2327	1857
(2014,24)	2145	1685
(2014,25)	4772	3487
(2014,26)	1530	847
(2014,27)	1319	975
(2014,28)	1744	1422
(2014,29)	1865	1565
(2014,30)	1239	1339
(2014,31)	715	1076
(2014,32)	611	562
(2014,33)	343	197
(2014,34)	395	398
(2014,35)	538	375
(2014,36)	151	58
(2014,37)	228	116
(2014,38)	887	508
(2014,39)	373	439
(2014,40)	664	485
(2014,41)	296	530
(2014,42)	890	786
(2014,43)	1960	2493
(2014,44)	1326	2129
(2014,45)	394	766
(2014,46)	1134	1969
(2014,47)	106	136
(2014,48)	474	1572
(2014,49)	1852	3705
(2014,50)	207	401
(2014,51)	544	1185
(2014,52)	380	1469
(2014,53)	1045	2722
(2014,54)	250	193
(2014,55)	109	801
(2014,56)	459	2232
(2014,57)	247	423
(2014,58)	845	755
(2014,59)	253	511
(2014,60)	464	717
(2014,61)	1288	1182
(2014,62)	222	769
(2014,63)	657	1026
(2014,64)	241	1660
(2014,65)	379	1591
(2014,66)	1397	2221
(2014,67)	1697	1976
(2014,68)	1670	1400
(2014,69)	1642	1900
(2014,70)	579	2512
(2014,71)	2009	3278
(2014,72)	184	1385
(2014,73)	860	2282
(2014,74)	135	868
(2014,75)	475	1670
(2014,76)	77	111
(2014,77)	418	570
(2015,10)	22	584
(2015,11)	31	190
(2015,12)	12	213
(2015,13)	23	132
(2015,14)	89	253
(2015,15)	111	761
(2015,16)	111	365
(2015,17)	43	613
(2015,18)	12	152
(2015,19)	186	642
(2015,20)	75	176
(2015,21)	95	279
(2015,22)	174	542
(2015,23)	255	630
(2015,24)	259	545
(2015,25)	558	1041
(2015,26)	243	449
(2015,27)	152	373
(2015,28)	194	615
(2015,29)	189	488
(2015,30)	112	454
(2015,31)	77	297
(2015,32)	54	187
(2015,33)	34	108
(2015,34)	44	141
(2015,35)	56	92
(2015,36)	10	87
(2015,37)	16	22
(2015,38)	83	177
(2015,39)	35	86
(2015,40)	55	100
(2015,41)	19	141
(2015,42)	104	386
(2015,43)	242	990
(2015,44)	144	656
(2015,45)	27	241
(2015,46)	142	581
(2015,47)	9	79
(2015,48)	36	324
(2015,49)	213	1064
(2015,50)	18	59
(2015,51)	39	385
(2015,52)	46	430
(2015,53)	111	768
(2015,55)	8	121
(2015,56)	58	741
(2015,57)	32	162
(2015,58)	103	413
(2015,59)	41	197
(2015,60)	51	323
(2015,61)	154	484
(2015,62)	20	241
(2015,63)	73	323
(2015,64)	24	437
(2015,65)	60	481
(2015,66)	172	669
(2015,67)	170	704
(2015,68)	158	609
(2015,69)	152	659
(2015,70)	74	792
(2015,71)	240	887
(2015,72)	17	360
(2015,73)	79	554
(2015,74)	12	262
(2015,75)	53	388
(2015,76)	6	89
(2015,77)	46	244
