(year, community area) all_crimes num_311_graffiti
(2011,0)	5	69
(2011,1)	5006	3228
(2011,2)	4305	2091
(2011,3)	4685	2283
(2011,4)	2158	2127
(2011,5)	1852	2514
(2011,6)	7417	3261
(2011,7)	5139	2485
(2011,8)	11123	2392
(2011,9)	350	53
(2012,0)	6	21
(2012,1)	4822	1690
(2012,2)	3921	2186
(2012,3)	4879	1696
(2012,4)	2233	1753
(2012,5)	1825	2026
(2012,6)	7563	2513
(2012,7)	4856	2360
(2012,8)	11199	1266
(2012,9)	315	35
(2013,0)	3	10
(2013,1)	4294	1956
(2013,2)	3717	3120
(2013,3)	4173	1588
(2013,4)	2128	2756
(2013,5)	1635	2660
(2013,6)	6710	4179
(2013,7)	4338	2333
(2013,8)	10017	2514
(2013,9)	291	32
(2014,0)	2	19
(2014,1)	3684	1656
(2014,2)	3316	3352
(2014,3)	3680	1772
(2014,4)	1812	3524
(2014,5)	1459	2797
(2014,6)	5566	4356
(2014,7)	3949	2197
(2014,8)	8836	1831
(2014,9)	235	30
(2015,0)	1	11
(2015,1)	415	528
(2015,2)	351	801
(2015,3)	329	450
(2015,4)	216	1211
(2015,5)	155	1035
(2015,6)	507	1038
(2015,7)	367	666
(2015,8)	918	577
(2015,9)	24	9
(2011,10)	1350	330
(2011,11)	1288	550
(2011,12)	592	168
(2011,13)	1052	562
(2011,14)	3005	3820
(2011,15)	4285	3580
(2011,16)	4116	6401
(2011,17)	2089	777
(2011,18)	845	505
(2011,19)	6640	8523
(2011,20)	1969	2223
(2011,21)	3328	5350
(2011,22)	7205	8883
(2011,23)	10753	2192
(2011,24)	9819	9463
(2011,25)	22294	1696
(2011,26)	6198	248
(2011,27)	6157	406
(2011,28)	9323	2762
(2011,29)	9790	960
(2011,30)	5791	14515
(2011,31)	3316	9249
(2011,32)	7419	1657
(2011,33)	1735	503
(2011,34)	1420	537
(2011,35)	2400	39
(2011,36)	781	34
(2011,37)	1162	39
(2011,38)	4550	100
(2011,39)	1920	61
(2011,40)	3894	49
(2011,41)	2074	349
(2011,42)	5520	107
(2011,43)	11864	246
(2011,44)	7140	94
(2011,45)	1815	52
(2011,46)	6549	1116
(2011,47)	446	4
(2011,48)	2179	249
(2011,49)	9564	266
(2011,50)	1083	35
(2011,51)	2444	886
(2011,52)	1771	3495
(2011,53)	5822	176
(2011,54)	1395	14
(2011,55)	801	510
(2011,56)	2438	1901
(2011,57)	1206	3575
(2011,58)	3595	7816
(2011,59)	1414	3427
(2011,60)	2286	1952
(2011,61)	7518	2980
(2011,62)	1433	2966
(2011,63)	3567	5575
(2011,64)	1325	682
(2011,65)	2631	2896
(2011,66)	9816	2806
(2011,67)	10587	355
(2011,68)	8990	308
(2011,69)	8731	192
(2011,70)	2961	949
(2011,71)	10001	211
(2011,72)	1212	96
(2011,73)	3940	55
(2011,74)	664	24
(2011,75)	2766	52
(2011,76)	1926	69
(2011,77)	3242	1836
(2012,10)	1310	512
(2012,11)	1393	787
(2012,12)	592	230
(2012,13)	1004	446
(2012,14)	2854	2493
(2012,15)	4061	3381
(2012,16)	3790	4410
(2012,17)	1887	738
(2012,18)	775	268
(2012,19)	6173	6612
(2012,20)	1954	1958
(2012,21)	3234	5042
(2012,22)	6681	7940
(2012,23)	10854	2016
(2012,24)	9326	7434
(2012,25)	20945	801
(2012,26)	6587	188
(2012,27)	5968	295
(2012,28)	9129	2179
(2012,29)	10103	629
(2012,30)	5577	11165
(2012,31)	3178	7601
(2012,32)	7582	1240
(2012,33)	1832	560
(2012,34)	1497	538
(2012,35)	2456	91
(2012,36)	760	42
(2012,37)	1212	42
(2012,38)	3965	167
(2012,39)	1665	82
(2012,40)	3387	87
(2012,41)	1854	223
(2012,42)	5209	152
(2012,43)	11405	373
(2012,44)	7083	115
(2012,45)	1700	62
(2012,46)	6343	882
(2012,47)	524	4
(2012,48)	1890	171
(2012,49)	8706	174
(2012,50)	1150	32
(2012,51)	2239	680
(2012,52)	1648	2298
(2012,53)	5639	305
(2012,54)	1476	1
(2012,55)	727	321
(2012,56)	2333	2079
(2012,57)	1120	4031
(2012,58)	3114	7536
(2012,59)	1329	3996
(2012,60)	2144	2872
(2012,61)	6613	2928
(2012,62)	1320	3053
(2012,63)	3082	5831
(2012,64)	1266	1024
(2012,65)	2410	2765
(2012,66)	8475	3144
(2012,67)	9766	284
(2012,68)	8740	191
(2012,69)	8525	161
(2012,70)	2661	1193
(2012,71)	9198	225
(2012,72)	1172	70
(2012,73)	3754	57
(2012,74)	659	110
(2012,75)	2581	48
(2012,76)	1821	24
(2012,77)	3181	1582
(2013,10)	1118	267
(2013,11)	1325	514
(2013,12)	437	196
(2013,13)	845	901
(2013,14)	2603	3646
(2013,15)	3861	3812
(2013,16)	3349	5156
(2013,17)	1783	735
(2013,18)	623	282
(2013,19)	5531	6627
(2013,20)	1844	2482
(2013,21)	2632	6271
(2013,22)	5750	9928
(2013,23)	9932	2290
(2013,24)	7996	10466
(2013,25)	19777	866
(2013,26)	6570	357
(2013,27)	5963	545
(2013,28)	8208	3329
(2013,29)	9512	911
(2013,30)	4889	10859
(2013,31)	2961	7145
(2013,32)	7614	3124
(2013,33)	1771	658
(2013,34)	1260	676
(2013,35)	2488	129
(2013,36)	698	26
(2013,37)	1064	89
(2013,38)	3817	282
(2013,39)	1482	101
(2013,40)	3282	161
(2013,41)	1631	223
(2013,42)	4513	220
(2013,43)	10360	364
(2013,44)	6961	168
(2013,45)	1502	55
(2013,46)	5645	816
(2013,47)	454	21
(2013,48)	1584	171
(2013,49)	7810	303
(2013,50)	1005	82
(2013,51)	2132	468
(2013,52)	1393	1414
(2013,53)	5048	245
(2013,54)	1399	10
(2013,55)	702	280
(2013,56)	2009	2379
(2013,57)	1085	4315
(2013,58)	2809	8180
(2013,59)	1263	4876
(2013,60)	1863	4028
(2013,61)	5776	2697
(2013,62)	1238	1974
(2013,63)	2708	5768
(2013,64)	1102	585
(2013,65)	2193	1709
(2013,66)	7198	2931
(2013,67)	8831	477
(2013,68)	7823	474
(2013,69)	7510	274
(2013,70)	2649	1760
(2013,71)	8330	233
(2013,72)	992	74
(2013,73)	3617	59
(2013,74)	578	48
(2013,75)	2336	47
(2013,76)	2118	78
(2013,77)	2647	1872
(2014,10)	1154	125
(2014,11)	1205	744
(2014,12)	446	234
(2014,13)	818	883
(2014,14)	2257	4029
(2014,15)	3237	3011
(2014,16)	2688	4617
(2014,17)	1522	753
(2014,18)	514	323
(2014,19)	4797	6235
(2014,20)	1736	1802
(2014,21)	2291	4820
(2014,22)	4955	9314
(2014,23)	8836	2096
(2014,24)	7093	9953
(2014,25)	18173	803
(2014,26)	5975	144
(2014,27)	5404	310
(2014,28)	7616	2828
(2014,29)	8299	837
(2014,30)	4562	9220
(2014,31)	2589	7416
(2014,32)	7120	2365
(2014,33)	1733	523
(2014,34)	1203	575
(2014,35)	2277	188
(2014,36)	626	11
(2014,37)	915	35
(2014,38)	3327	111
(2014,39)	1374	61
(2014,40)	2825	61
(2014,41)	1374	127
(2014,42)	3968	105
(2014,43)	9034	297
(2014,44)	6111	76
(2014,45)	1375	46
(2014,46)	5060	641
(2014,47)	390	17
(2014,48)	1558	116
(2014,49)	7012	245
(2014,50)	1095	53
(2014,51)	2213	441
(2014,52)	1273	1064
(2014,53)	4257	167
(2014,54)	1318	9
(2014,55)	615	105
(2014,56)	1832	1604
(2014,57)	922	3275
(2014,58)	2811	7560
(2014,59)	1047	3799
(2014,60)	1772	2422
(2014,61)	5001	2661
(2014,62)	990	2037
(2014,63)	2534	5555
(2014,64)	976	349
(2014,65)	2020	1491
(2014,66)	6316	2887
(2014,67)	7366	299
(2014,68)	6755	189
(2014,69)	6515	98
(2014,70)	2423	952
(2014,71)	7728	170
(2014,72)	868	90
(2014,73)	3011	87
(2014,74)	621	50
(2014,75)	2009	52
(2014,76)	1950	36
(2014,77)	2242	1430
(2015,10)	127	29
(2015,11)	129	128
(2015,12)	46	91
(2015,13)	110	284
(2015,14)	272	1138
(2015,15)	423	692
(2015,16)	352	1392
(2015,17)	191	202
(2015,18)	63	131
(2015,19)	555	1999
(2015,20)	225	574
(2015,21)	297	1670
(2015,22)	542	2638
(2015,23)	927	601
(2015,24)	715	2694
(2015,25)	1979	369
(2015,26)	693	86
(2015,27)	542	105
(2015,28)	780	865
(2015,29)	836	257
(2015,30)	392	2308
(2015,31)	238	2550
(2015,32)	726	652
(2015,33)	208	116
(2015,34)	124	139
(2015,35)	243	7
(2015,36)	56	4
(2015,37)	94	24
(2015,38)	303	109
(2015,39)	148	25
(2015,40)	274	12
(2015,41)	151	66
(2015,42)	381	11
(2015,43)	1086	58
(2015,44)	618	20
(2015,45)	131	6
(2015,46)	546	228
(2015,47)	32	2
(2015,48)	148	29
(2015,49)	796	31
(2015,50)	125	7
(2015,51)	233	59
(2015,52)	148	298
(2015,53)	441	71
(2015,54)	123	1
(2015,55)	58	79
(2015,56)	234	414
(2015,57)	113	931
(2015,58)	313	2220
(2015,59)	139	1316
(2015,60)	172	511
(2015,61)	518	866
(2015,62)	100	685
(2015,63)	253	1720
(2015,64)	108	132
(2015,65)	213	489
(2015,66)	675	1067
(2015,67)	706	78
(2015,68)	685	80
(2015,69)	636	29
(2015,70)	261	210
(2015,71)	860	49
(2015,72)	89	39
(2015,73)	323	13
(2015,74)	49	41
(2015,75)	217	10
(2015,76)	192	7
(2015,77)	211	537
